-6.756722514822399717e-07
-5.699159825594879436e-03
-1.088939582030246100e-02
-1.559505671776584279e-02
-1.983872096196082069e-02
-2.364192660574793159e-02
-2.702522261618822697e-02
-3.000821743003934117e-02
-3.260962491968588672e-02
-3.484730791967716179e-02
-3.673831945458938542e-02
-3.829894180013959648e-02
-3.954472350128446223e-02
-4.049051446338047811e-02
-4.115049922533509097e-02
-4.153822851702737573e-02
-4.166664919702367520e-02
-4.154813266082268974e-02
-4.119450180439876430e-02
-4.061705662274939233e-02
-3.982659851837389020e-02
-3.883345339018084985e-02
-3.764749356913998923e-02
-3.627815866309258563e-02
-3.473447536950269310e-02
-3.302507631146889278e-02
-3.115821794915474285e-02
-2.914179761574242633e-02
-2.698336972423032165e-02
-2.469016118872047194e-02
-2.226908610137623423e-02
-1.972675970389126121e-02
-1.706951169011994285e-02
-1.430339887446707703e-02
-1.143421725869797623e-02
-8.467513528020331748e-03
-5.408596005570642795e-03
-2.262545092845291705e-03
9.657767779055470569e-04
4.271715654716623511e-03
7.650817017115674190e-03
1.109881714550209342e-02
1.461163488786865194e-02
1.818536380417512532e-02
2.181626466972197420e-02
2.550075831987175246e-02
2.923541881939617504e-02
3.301696694061406756e-02
3.684226393531753185e-02
4.070830558626203910e-02
4.461221652474822719e-02
4.855124480151040700e-02
5.252275669880224207e-02
5.652423177217524852e-02
6.055325811105466416e-02
6.460752780775896875e-02
6.868483262514463172e-02
7.278305985354938112e-02
7.690018834818496130e-02
8.103428473856566505e-02
8.518349980199013682e-02
8.934606499348429764e-02
9.352028912499560365e-02
9.770455518698184516e-02
1.018973173058801418e-01
1.060970978312559820e-01
1.103024845467414639e-01
1.145121279991563878e-01
1.187247389404760267e-01
1.229390858775723516e-01
1.271539927248953039e-01
1.313683365554985660e-01
1.355810454460265602e-01
1.397910964114956744e-01
1.439975134258981715e-01
1.481993655248414754e-01
1.523957649866228281e-01
1.565858655882979011e-01
1.607688609334746443e-01
1.649439828487029303e-01
1.691104998454933117e-01
1.732677156451158385e-01
1.774149677634783151e-01
1.815516261535010112e-01
1.856770919025186317e-01
1.897907959823638691e-01
1.938921980498856668e-01
1.979807852957590764e-01
2.020560713395440078e-01
2.061175951690351615e-01
2.101649201220471275e-01
2.141976329088403630e-01
2.182153426734996793e-01
2.222176800926293772e-01
2.262042965098155500e-01
2.301748631043698257e-01
2.341290700929381519e-01
2.380666259626105785e-01
2.419872567342418457e-01
2.458907052547393834e-01
2.497767305171308405e-01
2.536451070072783809e-01
2.574956240761535620e-01
2.613280853366313217e-01
2.651423080838143376e-01
2.689381227379302741e-01
2.727153723088948101e-01
2.764739118816695873e-01
2.802136081215760854e-01
2.839343387987713352e-01
2.876359923311151978e-01
2.913184673447010153e-01
2.949816722513429745e-01
2.986255248423502762e-01
3.022499518979424593e-01
3.058548888116883191e-01
3.094402792293762805e-01
3.130060747017490153e-01
3.165522343505590142e-01
3.200787245474219223e-01
3.235855186049698684e-01
3.270725964798240071e-01
3.305399444869254744e-01
3.339875550247877745e-01
3.374154263112411067e-01
3.408235621292697859e-01
3.442119715825480153e-01
3.475806688603033656e-01
3.509296730111478579e-01
3.542590077255332037e-01
3.575687011264994664e-01
3.608587855684017298e-01
3.641292974433062435e-01
3.673802769947691060e-01
3.706117681387118834e-01
3.738238182911285401e-01
3.770164782023625039e-01
3.801898017977042299e-01
3.833438460240745638e-01
3.864786707025595902e-01
3.895943383865799747e-01
3.926909142254800811e-01
3.957684658333363581e-01
3.988270631627867657e-01
4.018667783836940011e-01
4.048876857664619466e-01
4.078898615698322572e-01
4.108733839329917759e-01
4.138383327718318516e-01
4.167847896792058471e-01
4.197128378290342909e-01
4.226225618841150666e-01
4.255140479075033566e-01
4.283873832773267276e-01
4.312426566049087362e-01
4.340799576560812612e-01
4.368993772755628280e-01
4.397010073142954001e-01
4.424849405596262830e-01
4.452512706682324461e-01
4.480000921016865645e-01
4.507315000645655823e-01
4.534455904450114816e-01
4.561424597576514417e-01
4.588222050887914016e-01
4.614849240438021472e-01
4.641307146966134334e-01
4.667596755412418696e-01
4.693719054452781259e-01
4.719675036052590200e-01
4.745465695038595944e-01
4.771092028688346809e-01
4.796555036336486166e-01
4.821855718997305473e-01
4.846995079002956452e-01
4.871974119656748980e-01
4.896793844900996784e-01
4.921455258998864157e-01
4.945959366229700782e-01
4.970307170597395019e-01
4.994499675551238860e-01
5.018537883718867665e-01
5.042422796650826156e-01
5.066155414576336558e-01
5.089736736169861997e-01
5.113167758328064361e-01
5.136449475956772481e-01
5.159582881767613705e-01
5.182568966083929141e-01
5.205408716655643975e-01
5.228103118482774203e-01
5.250653153647226734e-01
5.273059801152614190e-01
5.295324036771774656e-01
5.317446832901708831e-01
5.339429158425678112e-01
5.361271978582181630e-01
5.382976254840566854e-01
5.404542944783023994e-01
5.425973001992732137e-01
5.447267375947919543e-01
5.468427011921634939e-01
5.489452850886988866e-01
5.510345829427694131e-01
5.531106879653686637e-01
5.551736929121624531e-01
5.572236900760125788e-01
5.592607712799512187e-01
5.612850278705928675e-01
5.632965507119653825e-01
5.652954301797457060e-01
5.672817561558819444e-01
5.692556180235911478e-01
5.712171046627149140e-01
5.731663044454214928e-01
5.751033052322386263e-01
5.770281943684075765e-01
5.789410586805423531e-01
5.808419844735845938e-01
5.827310575280426619e-01
5.846083630975020817e-01
5.864739859063978766e-01
5.883280101480384827e-01
5.901705194828706924e-01
5.920015970369765235e-01
5.938213254007917996e-01
5.956297866280397812e-01
5.974270622348668569e-01
5.992132331991782968e-01
6.009883799601588583e-01
6.027525824179762459e-01
6.045059199336570988e-01
6.062484713291287353e-01
6.079803148874202146e-01
6.097015283530151653e-01
6.114121889323506087e-01
6.131123732944556703e-01
6.148021575717237397e-01
6.164816173608105299e-01
6.181508277236570370e-01
6.198098631886275189e-01
6.214587977517578299e-01
6.230977048781136673e-01
6.247266575032455194e-01
6.263457280347446421e-01
6.279549883538896315e-01
6.295545098173802590e-01
6.311443632591566821e-01
6.327246189922971498e-01
6.342953468109921999e-01
6.358566159925906902e-01
6.374084952997147724e-01
6.389510529824384832e-01
6.404843567805299509e-01
6.420084739257500006e-01
6.435234711442073818e-01
6.450294146587653987e-01
6.465263701914981676e-01
6.480144029661938365e-01
6.494935777109001052e-01
6.509639586605131534e-01
6.524256095594035409e-01
6.538785936640789664e-01
6.553229737458816651e-01
6.567588120937160046e-01
6.581861705168080556e-01
6.596051103474903643e-01
6.610156924440134807e-01
6.624179771933816907e-01
6.638120245142082876e-01
6.651978938595943802e-01
6.665756442200223564e-01
6.679453341262685528e-01
6.693070216523303584e-01
6.706607644183660843e-01
6.720066195936482689e-01
6.733446438995270844e-01
6.746748936124024043e-01
6.759974245667059733e-01
6.773122921578880185e-01
6.786195513454109651e-01
6.799192566557479278e-01
6.812114621853835317e-01
6.824962216038171769e-01
6.837735881565693008e-01
6.850436146681859739e-01
6.863063535452438302e-01
6.875618567793533309e-01
6.888101759501608079e-01
6.900513622283452886e-01
6.912854663786135445e-01
6.925125387626887008e-01
6.937326293422952928e-01
6.949457876821362179e-01
6.961520629528650250e-01
6.973515039340495436e-01
6.985441590171275195e-01
6.997300762083545900e-01
7.009093031317428224e-01
7.020818870319890381e-01
7.032478747773943661e-01
7.044073128627716951e-01
7.055602474123440215e-01
7.067067241826289203e-01
7.078467885653138003e-01
7.089804855901168379e-01
7.101078599276368086e-01
7.112289558921888188e-01
7.123438174446273807e-01
7.134524881951566089e-01
7.145550114061246516e-01
7.156514299948057989e-01
7.167417865361673801e-01
7.178261232656217850e-01
7.189044820817644954e-01
7.199769045490960195e-01
7.210434319007286152e-01
7.221041050410788031e-01
7.231589645485417828e-01
7.242080506781528593e-01
7.252514033642305513e-01
7.262890622230042670e-01
7.273210665552265475e-01
7.283474553487673253e-01
7.293682672811935275e-01
7.303835407223299159e-01
7.313933137368051618e-01
7.323976240865800458e-01
7.333965092334590041e-01
7.343900063415846891e-01
7.353781522799157644e-01
7.363609836246871598e-01
7.373385366618540049e-01
7.383108473895173551e-01
7.392779515203342644e-01
7.402398844839083170e-01
7.411966814291658379e-01
7.421483772267127854e-01
7.430950064711748793e-01
7.440366034835208531e-01
7.449732023133683878e-01
7.459048367412728364e-01
7.468315402809982961e-01
7.477533461817721383e-01
7.486702874305224409e-01
7.495823967540971022e-01
7.504897066214674117e-01
7.513922492459139679e-01
7.522900565871950551e-01
7.531831603536986997e-01
7.540715920045779619e-01
7.549553827518681315e-01
7.558345635625886016e-01
7.567091651608279790e-01
7.575792180298105416e-01
7.584447524139475982e-01
7.593057983208734152e-01
7.601623855234617144e-01
7.610145435618281828e-01
7.618623017453152180e-01
7.627056891544614636e-01
7.635447346429541371e-01
7.643794668395658132e-01
7.652099141500751101e-01
7.660361047591712769e-01
7.668580666323427941e-01
7.676758275177499868e-01
7.684894149480829828e-01
7.692988562424030174e-01
7.701041785079678625e-01
7.709054086420430441e-01
7.717025733336969617e-01
7.724956990655806877e-01
7.732848121156927768e-01
7.740699385591289783e-01
7.748511042698168483e-01
7.756283349222359291e-01
7.764016559931221639e-01
7.771710927631589882e-01
7.779366703186521015e-01
7.786984135531916928e-01
7.794563471692982359e-01
7.802104956800561819e-01
7.809608834107312214e-01
7.817075345003748899e-01
7.824504729034152950e-01
7.831897223912321904e-01
7.839253065537205023e-01
7.846572488008390911e-01
7.853855723641453013e-01
7.861103002983171883e-01
7.868314554826613128e-01
7.875490606226084322e-01
7.882631382511947615e-01
7.889737107305306862e-01
7.896808002532564874e-01
7.903844288439854093e-01
7.910846183607331827e-01
7.917813904963360017e-01
7.924747667798544004e-01
